      0.008941245583
       0.01778368291
       0.02652829416
       0.03517605175
       0.04372791844
       0.05218484740
       0.06054778235
       0.06881765760
       0.07699539821
       0.08508192001
       0.09307812974
        0.1009849251
        0.1088031950
        0.1165338193
        0.1241776692
        0.1317356074
        0.1392084877
        0.1465971558
        0.1539024486
        0.1611251950
        0.1682662155
        0.1753263225
        0.1823063202
        0.1892070051
        0.1960291654
        0.2027735818
        0.2094410269
        0.2160322661
        0.2225480567
        0.2289891487
        0.2353562847
        0.2416501998
        0.2478716218
        0.2540212713
        0.2600998619
        0.2661080997
        0.2720466842
        0.2779163078
        0.2837176558
        0.2894514070
        0.2951182334
        0.3007188001
        0.3062537658
        0.3117237827
        0.3171294962
        0.3224715457
        0.3277505639
        0.3329671774
        0.3381220065
        0.3432156654
        0.3482487621
        0.3532218986
        0.3581356709
        0.3629906692
        0.3677874776
        0.3725266747
        0.3772088330
        0.3818345195
        0.3864042957
        0.3909187172
        0.3953783343
        0.3997836917
        0.4041353289
        0.4084337798
        0.4126795731
        0.4168732322
        0.4210152754
        0.4251062157
        0.4291465611
        0.4331368146
        0.4370774740
        0.4409690324
        0.4448119779
        0.4486067935
        0.4523539579
        0.4560539446
        0.4597072225
        0.4633142561
        0.4668755050
        0.4703914242
        0.4738624645
        0.4772890718
        0.4806716879
        0.4840107501
        0.4873066912
        0.4905599400
        0.4937709207
        0.4969400536
        0.5000677547
        0.5031544357
        0.5062005045
        0.5092063647
        0.5121724160
        0.5150990541
        0.5179866708
        0.5208356540
        0.5236463877
        0.5264192521
        0.5291546237
        0.5318528751
        0.5345143753
        0.5371394897
        0.5397285799
        0.5422820041
        0.5448001166
        0.5472832687
        0.5497318077
        0.5521460777
        0.5545264194
        0.5568731701
        0.5591866636
        0.5614672305
        0.5637151982
        0.5659308906
        0.5681146286
        0.5702667298
        0.5723875088
        0.5744772768
        0.5765363421
        0.5785650099
        0.5805635825
        0.5825323588
        0.5844716351
        0.5863817047
        0.5882628579
        0.5901153821
        0.5919395618
        0.5937356789
        0.5955040123
        0.5972448382
        0.5989584299
        0.6006450583
        0.6023049913
        0.6039384943
        0.6055458300
        0.6071272585
        0.6086830374
        0.6102134216
        0.6117186636
        0.6131990132
        0.6146547180
        0.6160860228
        0.6174931702
        0.6188764004
        0.6202359511
        0.6215720577
        0.6228849532
        0.6241748683
        0.6254420315
        0.6266866690
        0.6279090046
        0.6291092600
        0.6302876548
        0.6314444062
        0.6325797293
        0.6336938372
        0.6347869407
        0.6358592487
        0.6369109679
        0.6379423028
        0.6389534562
        0.6399446286
        0.6409160187
        0.6418678231
        0.6428002365
        0.6437134516
        0.6446076593
        0.6454830485
        0.6463398063
        0.6471781179
        0.6479981666
        0.6488001340
        0.6495841998
        0.6503505420
        0.6510993366
        0.6518307583
        0.6525449796
        0.6532421716
        0.6539225034
        0.6545861428
        0.6552332556
        0.6558640061
        0.6564785569
        0.6570770691
        0.6576597022
        0.6582266139
        0.6587779605
        0.6593138968
        0.6598345759
        0.6603401495
        0.6608307678
        0.6613065793
        0.6617677314
        0.6622143697
        0.6626466384
        0.6630646805
        0.6634686373
        0.6638586488
        0.6642348537
        0.6645973892
        0.6649463912
        0.6652819942
        0.6656043314
        0.6659135347
        0.6662097346
        0.6664930604
        0.6667636400
        0.6670216002
        0.6672670664
        0.6675001628
        0.6677210123
        0.6679297367
        0.6681264565
        0.6683112910
        0.6684843585
        0.6686457757
        0.6687956587
        0.6689341219
        0.6690612790
        0.6691772423
        0.6692821230
        0.6693760314
        0.6694590766
        0.6695313664
        0.6695930078
        0.6696441067
        0.6696847678
        0.6697150949
        0.6697351908
        0.6697451571
        0.6697450945
        0.6697351027
        0.6697152805
        0.6696857254
        0.6696465344
        0.6695978030
        0.6695396263
        0.6694720981
        0.6693953113
        0.6693093580
        0.6692143292
        0.6691103153
        0.6689974054
        0.6688756882
        0.6687452510
        0.6686061805
        0.6684585627
        0.6683024824
        0.6681380238
        0.6679652701
        0.6677843039
        0.6675952067
        0.6673980593
        0.6671929419
        0.6669799335
        0.6667591127
        0.6665305571
        0.6662943436
        0.6660505483
        0.6657992466
        0.6655405131
        0.6652744217
        0.6650010455
        0.6647204569
        0.6644327276
        0.6641379286
        0.6638361302
        0.6635274019
        0.6632118127
        0.6628894307
        0.6625603234
        0.6622245578
        0.6618821999
        0.6615333154
        0.6611779690
        0.6608162251
        0.6604481472
        0.6600737983
        0.6596932407
        0.6593065362
        0.6589137458
        0.6585149300
        0.6581101487
        0.6576994613
        0.6572829264
        0.6568606022
        0.6564325462
        0.6559988153
        0.6555594661
        0.6551145543
        0.6546641352
        0.6542082636
        0.6537469937
        0.6532803791
        0.6528084730
        0.6523313279
        0.6518489960
        0.6513615288
        0.6508689773
        0.6503713922
        0.6498688233
        0.6493613203
        0.6488489322
        0.6483317076
        0.6478096945
        0.6472829406
        0.6467514929
        0.6462153982
        0.6456747026
        0.6451294518
        0.6445796911
        0.6440254655
        0.6434668191
        0.6429037961
        0.6423364398
        0.6417647934
        0.6411888995
        0.6406088004
        0.6400245378
        0.6394361531
        0.6388436873
        0.6382471809
        0.6376466742
        0.6370422069
        0.6364338183
        0.6358215475
        0.6352054330
        0.6345855130
        0.6339618254
        0.6333344077
        0.6327032968
        0.6320685295
        0.6314301421
        0.6307881707
        0.6301426509
        0.6294936179
        0.6288411066
        0.6281851517
        0.6275257874
        0.6268630474
        0.6261969655
        0.6255275749
        0.6248549083
        0.6241789984
        0.6234998774
        0.6228175773
        0.6221321296
        0.6214435657
        0.6207519164
        0.6200572125
        0.6193594844
        0.6186587620
        0.6179550752
        0.6172484535
        0.6165389259
        0.6158265214
        0.6151112687
        0.6143931959
        0.6136723311
        0.6129487021
        0.6122223364
        0.6114932612
        0.6107615033
        0.6100270895
        0.6092900462
        0.6085503995
        0.6078081752
        0.6070633991
        0.6063160964
        0.6055662923
        0.6048140117
        0.6040592791
        0.6033021189
        0.6025425554
        0.6017806123
        0.6010163132
        0.6002496818
        0.5994807410
        0.5987095139
        0.5979360233
        0.5971602915
        0.5963823409
        0.5956021935
        0.5948198712
        0.5940353955
        0.5932487880
        0.5924600698
        0.5916692618
        0.5908763848
        0.5900814595
        0.5892845061
        0.5884855448
        0.5876845957
        0.5868816784
        0.5860768124
        0.5852700173
        0.5844613121
        0.5836507159
        0.5828382473
        0.5820239252
        0.5812077678
        0.5803897934
        0.5795700201
        0.5787484658
        0.5779251482
        0.5771000847
        0.5762732928
        0.5754447896
        0.5746145921
        0.5737827172
        0.5729491816
        0.5721140017
        0.5712771940
        0.5704387745
        0.5695987593
        0.5687571644
        0.5679140052
        0.5670692975
        0.5662230567
        0.5653752978
        0.5645260362
        0.5636752866
        0.5628230639
        0.5619693826
        0.5611142575
        0.5602577026
        0.5593997324
        0.5585403608
        0.5576796018
        0.5568174691
        0.5559539765
        0.5550891374
        0.5542229653
        0.5533554733
        0.5524866746
        0.5516165822
        0.5507452090
        0.5498725676
        0.5489986708
        0.5481235308
        0.5472471602
        0.5463695712
        0.5454907758
        0.5446107861
        0.5437296139
        0.5428472710
        0.5419637690
        0.5410791194
        0.5401933337
        0.5393064232
        0.5384183990
        0.5375292721
        0.5366390536
        0.5357477543
        0.5348553850
        0.5339619563
        0.5330674786
        0.5321719625
        0.5312754183
        0.5303778562
        0.5294792862
        0.5285797185
        0.5276791629
        0.5267776293
        0.5258751274
        0.5249716667
        0.5240672569
        0.5231619074
        0.5222556275
        0.5213484264
        0.5204403134
        0.5195312975
        0.5186213876
        0.5177105926
        0.5167989214
        0.5158863826
        0.5149729849
        0.5140587369
        0.5131436469
        0.5122277233
        0.5113109744
        0.5103934085
        0.5094750336
        0.5085558578
        0.5076358891
        0.5067151353
        0.5057936042
        0.5048713036
        0.5039482411
        0.5030244242
        0.5020998606
        0.5011745576
        0.5002485225
        0.4993217626
        0.4983942852
        0.4974660974
        0.4965372062
        0.4956076186
        0.4946773415
        0.4937463819
        0.4928147464
        0.4918824419
        0.4909494748
        0.4900158520
        0.4890815798
        0.4881466647
        0.4872111130
        0.4862749313
        0.4853381256
        0.4844007022
        0.4834626673
        0.4825240268
        0.4815847869
        0.4806449535
        0.4797045325
        0.4787635297
        0.4778219509
        0.4768798019
        0.4759370883
        0.4749938157
        0.4740499896
        0.4731056157
        0.4721606993
        0.4712152458
        0.4702692605
        0.4693227488
        0.4683757159
        0.4674281669
        0.4664801070
        0.4655315413
        0.4645824748
        0.4636329124
        0.4626828592
        0.4617323199
        0.4607812994
        0.4598298026
        0.4588778340
        0.4579253985
        0.4569725006
        0.4560191450
        0.4550653362
        0.4541110787
        0.4531563770
        0.4522012354
        0.4512456585
        0.4502896504
        0.4493332154
        0.4483763579
        0.4474190820
        0.4464613919
        0.4455032917
        0.4445447854
        0.4435858772
        0.4426265709
        0.4416668706
        0.4407067802
        0.4397463036
        0.4387854445
        0.4378242068
        0.4368625943
        0.4359006106
        0.4349382595
        0.4339755447
        0.4330124697
        0.4320490381
        0.4310852534
        0.4301211193
        0.4291566390
        0.4281918162
        0.4272266542
        0.4262611563
        0.4252953260
        0.4243291664
        0.4233626809
        0.4223958728
        0.4214287451
        0.4204613012
        0.4194935441
        0.4185254770
        0.4175571029
        0.4165884250
        0.4156194461
        0.4146501693
        0.4136805976
        0.4127107339
        0.4117405811
        0.4107701421
        0.4097994197
        0.4088284167
        0.4078571360
        0.4068855802
        0.4059137522
        0.4049416546
        0.4039692901
        0.4029966613
        0.4020237710
        0.4010506216
        0.4000772158
        0.3991035561
        0.3981296450
        0.3971554851
        0.3961810788
        0.3952064285
        0.3942315367
        0.3932564058
        0.3922810381
        0.3913054361
        0.3903296020
        0.3893535381
        0.3883772468
        0.3874007303
        0.3864239908
        0.3854470305
        0.3844698517
        0.3834924565
        0.3825148471
        0.3815370256
        0.3805589941
        0.3795807546
        0.3786023093
        0.3776236603
        0.3766448094
        0.3756657588
        0.3746865104
        0.3737070662
        0.3727274282
        0.3717475982
        0.3707675781
        0.3697873699
        0.3688069755
        0.3678263966
        0.3668456351
        0.3658646929
        0.3648835717
        0.3639022733
        0.3629207995
        0.3619391519
        0.3609573324
        0.3599753427
        0.3589931843
        0.3580108591
        0.3570283687
        0.3560457147
        0.3550628987
        0.3540799224
        0.3530967873
        0.3521134950
        0.3511300471
        0.3501464452
        0.3491626907
        0.3481787852
        0.3471947302
        0.3462105271
        0.3452261775
        0.3442416828
        0.3432570444
        0.3422722637
        0.3412873423
        0.3403022814
        0.3393170825
        0.3383317470
        0.3373462761
        0.3363606713
        0.3353749338
        0.3343890650
        0.3334030662
        0.3324169388
        0.3314306838
        0.3304443028
        0.3294577968
        0.3284711671
        0.3274844150
        0.3264975416
        0.3255105483
        0.3245234361
        0.3235362063
        0.3225488600
        0.3215613984
        0.3205738226
        0.3195861338
        0.3185983330
        0.3176104215
        0.3166224003
        0.3156342704
        0.3146460330
        0.3136576892
        0.3126692400
        0.3116806864
        0.3106920295
        0.3097032703
        0.3087144098
        0.3077254491
        0.3067363891
        0.3057472308
        0.3047579752
        0.3037686233
        0.3027791759
        0.3017896342
        0.3007999990
        0.2998102712
        0.2988204517
        0.2978305415
        0.2968405415
        0.2958504526
        0.2948602755
        0.2938700114
        0.2928796609
        0.2918892249
        0.2908987043
        0.2899081000
        0.2889174127
        0.2879266434
        0.2869357927
        0.2859448616
        0.2849538508
        0.2839627610
        0.2829715932
        0.2819803481
        0.2809890264
        0.2799976288
        0.2790061563
        0.2780146094
        0.2770229890
        0.2760312957
        0.2750395304
        0.2740476936
        0.2730557862
        0.2720638088
        0.2710717621
        0.2700796468
        0.2690874636
        0.2680952131
        0.2671028961
        0.2661105132
        0.2651180650
        0.2641255522
        0.2631329755
        0.2621403354
        0.2611476327
        0.2601548678
        0.2591620416
        0.2581691544
        0.2571762071
        0.2561832000
        0.2551901340
        0.2541970095
        0.2532038271
        0.2522105873
        0.2512172909
        0.2502239383
        0.2492305301
        0.2482370668
        0.2472435490
        0.2462499772
        0.2452563520
        0.2442626739
        0.2432689434
        0.2422751610
        0.2412813274
        0.2402874428
        0.2392935080
        0.2382995233
        0.2373054893
        0.2363114065
        0.2353172753
        0.2343230962
        0.2333288697
        0.2323345964
        0.2313402765
        0.2303459106
        0.2293514993
        0.2283570428
        0.2273625417
        0.2263679963
        0.2253734073
        0.2243787749
        0.2233840996
        0.2223893818
        0.2213946220
        0.2203998206
        0.2194049780
        0.2184100945
        0.2174151707
        0.2164202069
        0.2154252034
        0.2144301608
        0.2134350794
        0.2124399595
        0.2114448016
        0.2104496060
        0.2094543731
        0.2084591033
        0.2074637969
        0.2064684544
        0.2054730760
        0.2044776621
        0.2034822132
        0.2024867294
        0.2014912112
        0.2004956589
        0.1995000729
        0.1985044535
        0.1975088010
        0.1965131157
        0.1955173980
        0.1945216482
        0.1935258666
        0.1925300536
        0.1915342094
        0.1905383343
        0.1895424288
        0.1885464929
        0.1875505272
        0.1865545318
        0.1855585070
        0.1845624532
        0.1835663707
        0.1825702597
        0.1815741204
        0.1805779533
        0.1795817585
        0.1785855364
        0.1775892871
        0.1765930111
        0.1755967085
        0.1746003796
        0.1736040247
        0.1726076440
        0.1716112378
        0.1706148064
        0.1696183499
        0.1686218687
        0.1676253629
        0.1666288329
        0.1656322789
        0.1646357010
        0.1636390996
        0.1626424749
        0.1616458272
        0.1606491565
        0.1596524632
        0.1586557475
        0.1576590097
        0.1566622498
        0.1556654683
        0.1546686652
        0.1536718407
        0.1526749952
        0.1516781288
        0.1506812417
        0.1496843341
        0.1486874063
        0.1476904583
        0.1466934905
        0.1456965031
        0.1446994961
        0.1437024698
        0.1427054245
        0.1417083602
        0.1407112773
        0.1397141758
        0.1387170559
        0.1377199179
        0.1367227619
        0.1357255881
        0.1347283966
        0.1337311878
        0.1327339616
        0.1317367183
        0.1307394581
        0.1297421811
        0.1287448875
        0.1277475775
        0.1267502511
        0.1257529087
        0.1247555504
        0.1237581762
        0.1227607864
        0.1217633811
        0.1207659605
        0.1197685247
        0.1187710738
        0.1177736082
        0.1167761277
        0.1157786327
        0.1147811233
        0.1137835995
        0.1127860617
        0.1117885098
        0.1107909440
        0.1097933645
        0.1087957714
        0.1077981648
        0.1068005449
        0.1058029119
        0.1048052657
        0.1038076066
        0.1028099348
        0.1018122502
        0.1008145531
       0.09981684353
       0.09881912168
       0.09782138765
       0.09682364156
       0.09582588352
       0.09482811367
       0.09383033211
       0.09283253896
       0.09183473434
       0.09083691837
       0.08983909114
       0.08884125278
       0.08784340340
       0.08684554310
       0.08584767200
       0.08484979020
       0.08385189781
       0.08285399493
       0.08185608167
       0.08085815813
       0.07986022441
       0.07886228062
       0.07786432685
       0.07686636321
       0.07586838979
       0.07487040668
       0.07387241400
       0.07287441182
       0.07187640025
       0.07087837937
       0.06988034929
       0.06888231009
       0.06788426186
       0.06688620469
       0.06588813867
       0.06489006390
       0.06389198045
       0.06289388841
       0.06189578788
       0.06089767892
       0.05989956163
       0.05890143609
       0.05790330238
       0.05690516058
       0.05590701078
       0.05490885305
       0.05391068746
       0.05291251411
       0.05191433307
       0.05091614440
       0.04991794820
       0.04891974453
       0.04792153346
       0.04692331508
       0.04592508945
       0.04492685665
       0.04392861675
       0.04293036981
       0.04193211591
       0.04093385512
       0.03993558750
       0.03893731313
       0.03793903207
       0.03694074438
       0.03594245014
       0.03494414940
       0.03394584224
       0.03294752871
       0.03194920889
       0.03095088282
       0.02995255059
       0.02895421223
       0.02795586782
       0.02695751742
       0.02595916109
       0.02496079888
       0.02396243085
       0.02296405707
       0.02196567758
       0.02096729245
       0.01996890174
       0.01897050548
       0.01797210376
       0.01697369660
       0.01597528408
       0.01497686624
       0.01397844314
       0.01298001482
       0.01198158135
       0.01098314277
      0.009984699133
      0.008986250489
      0.007987796887
      0.006989338377
      0.005990875008
      0.004992406828
      0.003993933885
      0.002995456227
      0.001996973899
     0.0009984869496
