     0.0008165131218
     6.026144124e-09
     1.986145934e-07
     4.922535656e-07
     6.996742333e-07
     8.405263623e-07
     9.361157358e-07
     1.000526959e-06
     1.042280378e-06
     1.068420219e-06
     1.083133412e-06
     1.089679821e-06
     1.089834357e-06
     1.108155299e-06
     1.130487994e-06
     1.151118064e-06
     1.170221128e-06
     1.188016529e-06
     1.206554525e-06
     1.225231887e-06
     1.242659954e-06
      1.25887857e-06
     1.273941827e-06
     1.287891415e-06
     1.300767917e-06
     1.312602617e-06
      1.32342017e-06
     1.333243233e-06
     1.342085672e-06
     1.349958919e-06
      1.35686201e-06
     1.362803876e-06
     1.367784854e-06
     1.371784215e-06
     1.374808046e-06
      1.37684932e-06
     1.377861197e-06
     1.377879122e-06
     1.376843017e-06
     1.374739993e-06
     1.371536671e-06
     1.367191982e-06
     1.361782855e-06
     1.355097713e-06
     1.367921501e-06
      1.61184506e-06
     1.878852551e-06
      2.12212436e-06
     2.380823295e-06
     2.667299076e-06
